# EXAMPLE 01:
{
	"c": [1, 1, 1, 1, 1, 1, 1, 1],
	"b": [320, 440, 345, 376],
	"A": [
		[1, 0, 1, 1, -1, 0, -1, -1],
		[2, 1, 0, 2, 1, -1, 0, 0],
		[1, 0, 0, 0, 0, 1, 1, 1],
		[2, 0, -1, 0, 0, 1, 1, -1]
	]
}

# EXAMPLE 02:
{
	"c": [5, 10, 0, 3, 8, 9, 15, 5, 8, 7, 9, 4, 6, 8],
	"b": [190, 190, 170, 191, 185, 195, 192],
	"A": [
		[4, 11, 2, 5, 4, 3, 8, 2, 2, 3, 4, 2, 4, 5],
		[1,  8, 1, 3, 1, 4, 9, 5, 4, 2, 1, 3, 2, 4],
		[2,  3, 1, 2, 1, 5, 4, 5, 2, 3, 2, 1, 5, 3],
		[1,  4, 1, 2, 1, 3, 2, 1, 3, 2, 1, 1, 4, 3],
		[2,  2, 2, 1, 2, 1, 2, 2, 2, 1, 3, 2, 1, 1],
		[4,  4, 2, 1, 4, 2, 3, 4, 2, 3, 1, 4, 2, 1],
		[3,  3, 2, 2, 2, 1, 2, 3, 2, 3, 3, 2, 2, 1]
	],
	"int": [7, 8, 9],
	"obj": "min",
	"ub": 40,
	"lb": [3.123, 0, 0, 0.321, -10, 0, 0, 0, 0, 0, 0, 0, 0, 0
}

# EXAMPLE 03:
{
	"c": [19, 23, 21, 25, 27, 20, 22, 23, 21, 23, 25, 26, 28, 23, 21, 19, 23, 21, 22, 23, 25, 26, 28, 23, 24, 26, 25, 19, 28, 23, 22, 21],
	"A": [
		[20, 21, 21, 23, 28, 19, 23, 22, 22, 25, 24, 26, 29, 23, 22, 19, 22, 23, 21, 25, 26, 27, 28, 24, 25, 26, 28, 22, 26, 22, 22, 21]
	],
	"b": [190],
	"leq": [-1],
	"bin": [-1],
	"obj": 'max'
}

