c = [5 10 0 3 8 9 15 5 8 7 9 4 6 8]
b = [190 190 170 191 185 195 192]
A = [4 11 2 5 4 3  8 2 2 3 4 2 4 5 ;
     1  8 1 3 1 4  9 5 4 2 1 3 2 4 ;
     2  3 1 2 1 5  4 5 2 3 2 1 5 3 ;
     1  4 1 2 1 3  2 1 3 2 1 1 4 3 ;
     2  2 2 1 2 1  2 2 2 1 3 2 1 1 ;
     4  4 2 1 4 2  3 4 2 3 1 4 2 1 ;
     3  3 2 2 2 1  2 3 2 3 3 2 2 1 ]
leq = 6
int = 8-10
obj = min
#ub = 50.31
#lb = 20.25

#lb = 50.31, 23.22, 25, -23, 10.111, 55, 2000
#lb = 10, 20, 30, 40.40, 50, 60, 70.22, 80, 90, 100, 110.21, 120, 130, 140.20